Token has been set: ROKILmIl4`zT[p8zmPZrFjYNCzS1WnI:qgFJi[m8fK5/1IO5J{OyhkOvNUO6d{OzZEO4FkPjBIfmKDMjN{N7JUN7FkNhNENuRENuVkNxJkJ7JDeimnJtBkPjxX[3WHcjxjJvOnMkGnM{mXdiKHRliYbii3ZjpkJzW3d2Kzf
Chip Structure: 12 rows x 13 columns
Selected Qubits and Connectivity:
| | | | | | | | | | | | |
| | | | | | | | | | | | |
| | | | | | | | | | | | |
| | | | | | | | | | | | |
| | | | | | | | | | | | |
| | | | | | | | | | | | |
| | | | | | | | | | | | |
| | | | | | | | | | | | |
| | | | | | | | | | | | |
| | | | | | | | | | | | |
| | | | | | | | | | | | |
- - - - - - - - - - - - Q
==================================================
Selected Qubit Indices: [0, 1, 2, 3, 4, 5, 6, 7, 8, 9, 10, 11, 12, 13, 14, 15, 16, 17, 18, 19, 20, 21, 22, 23, 24, 25, 26, 27, 28, 29, 30, 31, 32, 33, 34, 35, 36, 37, 38, 39, 40, 41, 42, 43, 44, 45, 46, 47, 48, 49, 50, 51, 52, 53, 54, 55, 56, 57, 58, 59, 60, 61, 62, 63, 64, 65, 66, 67, 68, 69, 70, 71, 72, 73, 74, 75, 76, 77, 78, 79, 80, 81, 82, 83, 84, 85, 86, 87, 88, 89, 90, 91, 92, 93, 94, 95, 96, 97, 98, 99, 100, 101, 102, 103, 104, 105, 106, 107, 108, 109, 110, 111, 112, 113, 114, 115, 116, 117, 118, 119, 120, 121, 122, 123, 124, 125, 126, 127, 128, 129, 130, 131, 132, 133, 134, 135, 136, 137, 138, 139, 140, 141, 142, 143, 144, 145, 146, 147, 148, 149, 150, 151, 152, 153, 154, 155]
Qubit Connectivity: [[0, 1], [1, 2], [2, 3], [3, 4], [4, 5], [5, 6], [6, 7], [7, 8], [8, 9], [9, 10], [10, 11], [11, 12], [13, 14], [14, 15], [15, 16], [16, 17], [17, 18], [18, 19], [19, 20], [20, 21], [21, 22], [22, 23], [23, 24], [24, 25], [26, 27], [27, 28], [28, 29], [29, 30], [30, 31], [31, 32], [32, 33], [33, 34], [34, 35], [35, 36], [36, 37], [37, 38], [39, 40], [40, 41], [41, 42], [42, 43], [43, 44], [44, 45], [45, 46], [46, 47], [47, 48], [48, 49], [49, 50], [50, 51], [52, 53], [53, 54], [54, 55], [55, 56], [56, 57], [57, 58], [58, 59], [59, 60], [60, 61], [61, 62], [62, 63], [63, 64], [65, 66], [66, 67], [67, 68], [68, 69], [69, 70], [70, 71], [71, 72], [72, 73], [73, 74], [74, 75], [75, 76], [76, 77], [78, 79], [79, 80], [80, 81], [81, 82], [82, 83], [83, 84], [84, 85], [85, 86], [86, 87], [87, 88], [88, 89], [89, 90], [91, 92], [92, 93], [93, 94], [94, 95], [95, 96], [96, 97], [97, 98], [98, 99], [99, 100], [100, 101], [101, 102], [102, 103], [104, 105], [105, 106], [106, 107], [107, 108], [108, 109], [109, 110], [110, 111], [111, 112], [112, 113], [113, 114], [114, 115], [115, 116], [117, 118], [118, 119], [119, 120], [120, 121], [121, 122], [122, 123], [123, 124], [124, 125], [125, 126], [126, 127], [127, 128], [128, 129], [130, 131], [131, 132], [132, 133], [133, 134], [134, 135], [135, 136], [136, 137], [137, 138], [138, 139], [139, 140], [140, 141], [141, 142], [143, 144], [144, 145], [145, 146], [146, 147], [147, 148], [148, 149], [149, 150], [150, 151], [151, 152], [152, 153], [153, 154], [154, 155], [0, 13], [1, 14], [2, 15], [3, 16], [4, 17], [5, 18], [6, 19], [7, 20], [8, 21], [9, 22], [10, 23], [11, 24], [12, 25], [13, 26], [14, 27], [15, 28], [16, 29], [17, 30], [18, 31], [19, 32], [20, 33], [21, 34], [22, 35], [23, 36], [24, 37], [25, 38], [26, 39], [27, 40], [28, 41], [29, 42], [30, 43], [31, 44], [32, 45], [33, 46], [34, 47], [35, 48], [36, 49], [37, 50], [38, 51], [39, 52], [40, 53], [41, 54], [42, 55], [43, 56], [44, 57], [45, 58], [46, 59], [47, 60], [48, 61], [49, 62], [50, 63], [51, 64], [52, 65], [53, 66], [54, 67], [55, 68], [56, 69], [57, 70], [58, 71], [59, 72], [60, 73], [61, 74], [62, 75], [63, 76], [64, 77], [65, 78], [66, 79], [67, 80], [68, 81], [69, 82], [70, 83], [71, 84], [72, 85], [73, 86], [74, 87], [75, 88], [76, 89], [77, 90], [78, 91], [79, 92], [80, 93], [81, 94], [82, 95], [83, 96], [84, 97], [85, 98], [86, 99], [87, 100], [88, 101], [89, 102], [90, 103], [91, 104], [92, 105], [93, 106], [94, 107], [95, 108], [96, 109], [97, 110], [98, 111], [99, 112], [100, 113], [101, 114], [102, 115], [103, 116], [104, 117], [105, 118], [106, 119], [107, 120], [108, 121], [109, 122], [110, 123], [111, 124], [112, 125], [113, 126], [114, 127], [115, 128], [116, 129], [117, 130], [118, 131], [119, 132], [120, 133], [121, 134], [122, 135], [123, 136], [124, 137], [125, 138], [126, 139], [127, 140], [128, 141], [129, 142], [130, 143], [131, 144], [132, 145], [133, 146], [134, 147], [135, 148], [136, 149], [137, 150], [138, 151], [139, 152], [140, 153], [141, 154], [142, 155]]
==================================================
Single Qubit XEB completed in 405.85 seconds.
Single Qubit CSB completed in 107.73 seconds.
Two Qubit XEB completed in 858.43 seconds.
Two Qubit CSB completed in 950.29 seconds.
Total execution time: 2322.29 seconds.
EGM results saved to data_egm/Baihua_egm_data_20250406_231821.json
Successfully read JSON data from data_egm/Baihua_egm_data_20250406_231821.json
Directory 'tables' already exists.
Level02 report saved as 'tables/level02_report_20250406_231822.txt'.
Failed to read JSON file: [Errno 2] No such file or directory: 'data_egm/Baihua_egm_data_20250406_231822.json'
